	groupID	featureID	exonBaseMean	dispersion	stat	pvalue	padj	GFP	Vpr	log2fold_Vpr_GFP	genomicData.seqnames	genomicData.start	genomicData.end	genomicData.width	genomicData.strand	countData.QMCDP007A3_pWPIonly_S1	countData.QMCDP008AB_pWPIonly_S2	countData.QMCDP009AJ_pWPIonly_S3	countData.QMCDP010AM_pWPIHXB_S1	countData.QMCDP011AU_pWPIHXB_S2	countData.QMCDP012A4_pWPIHXB_S3	transcripts	gene_name
1	ENSG00000000457	E009	29.0494323217765	0.00442782939110987	15.1205130707924	0.000100861352386844	0.0627873380125422	7.889207871986	10.5220646708534	0.932539196002119	1	169831754	169831938	185	-	17	15	19	27	35	65	c("ENST00000423670", "ENST00000470238", "ENST00000367772", "ENST00000367771", "ENST00000367770")	SCYL3
2	ENSG00000009335	E029	36.9081673609931	0.023566901009894	15.6440181909239	7.64540286332503e-05	0.0531575802257663	12.4487871431939	8.40165466484026	-1.31009940681467	7	157024022	157024509	488	+	84	50	29	19	27	22	ENST00000497368	UBE3C
3	ENSG00000012660	E019	64.456017223002	0.00286762501399329	43.806791707119	3.62445094391679e-11	7.94204188634822e-07	11.1737382683099	15.0203589917202	1.05968828994058	6	53213148	53213587	440	-	46	42	42	71	88	103	ENST00000542638	ELOVL5
4	ENSG00000012660	E024	17.7674276205562	0.0039739859424173	18.7047409865744	1.52602593224574e-05	0.019441215487059	6.00389688649133	8.92037330144184	1.23439856164793	6	53213806	53213947	142	-	12	11	10	20	27	28	ENST00000370918	ELOVL5
5	ENSG00000014164	E004	21.1829728949608	0.0126167401487608	20.1793057691196	7.05116348797387e-06	0.0123100512005049	6.20998068137824	9.66864120470178	1.39324145630363	8	144547887	144548018	132	-	8	10	15	18	32	47	ENST00000262577	ZC3H3
6	ENSG00000015133	E047	215.877315028603	0.00402046184965869	25.6118160227773	4.17475151512458e-07	0.00130684035857165	22.1458056576759	19.2643585986565	-0.630844242955448	14	91845003	91846229	1227	-	198	269	240	149	245	236	c("ENST00000553403", "ENST00000389856")	CCDC88C
7	ENSG00000015153	E001	51.891067011013	0.00410597671877756	15.4602536283599	8.42585756819106e-05	0.0552786710710269	13.0957762212305	11.2910999467602	-0.518470641487206	12	42550906	42552835	1930	-	54	64	77	30	47	49	ENST00000327791	YAF2
8	ENSG00000018189	E004	33.337412188821	0.00301495271849375	14.2652917720983	0.000158765608760984	0.08151861773257	11.297868760911	9.12974396133709	-0.707146858867161	4	71570611	71570947	337	+	31	43	46	15	32	41	c("ENST00000417478", "ENST00000514898")	RUFY3
9	ENSG00000030419	E031	35.6691346009013	0.0175780243149251	17.3656382897394	3.08350557632189e-05	0.0301638426743731	12.6268446810186	8.62972981733287	-1.27479487131716	2	214016850	214017151	302	-	41	31	40	19	45	45	ENST00000452786	IKZF2
10	ENSG00000054277	E008	61.5422992792244	0.0061670545982266	19.8575238887507	8.34336982685345e-06	0.013614351916358	13.5054836199702	11.7857492730881	-0.482306321593781	1	241761048	241761299	252	-	84	81	112	21	33	52	c("ENST00000469376", "ENST00000478849", "ENST00000366554", "ENST00000331838", "ENST00000462265", "ENST00000490673", "ENST00000463155")	OPN3
11	ENSG00000054277	E014	84.3369668971921	0.0268868631746626	13.9407839489559	0.00018866030501696	0.0872151913007097	13.2557032822137	16.6178930952664	0.854898454224053	1	241803184	241803512	329	-	94	96	76	59	91	107	c("ENST00000469376", "ENST00000478849", "ENST00000366554", "ENST00000331838", "ENST00000490673")	OPN3
12	ENSG00000055163	E044	37.4075618756495	0.00266285999423706	39.0945598913175	4.0376750756676e-10	7.37292927733823e-06	12.4944510136638	8.65252841970618	-1.22910609509006	5	156738059	156738671	613	+	50	57	52	17	21	37	ENST00000520942	CYFIP2
13	ENSG00000055163	E092	2836.34417212025	0.00174613801401347	14.9414834408876	0.00011089750998408	0.0653234031659991	38.4150453609314	39.5077179524904	0.213101987309706	5	156820242	156822603	2362	+	2150	2954	2529	2063	3174	4705	c("ENST00000541131", "ENST00000435847", "ENST00000318218", "ENST00000347377", "ENST00000377576", "ENST00000521420")	CYFIP2
14	ENSG00000059122	E028	89.6428151719401	0.00197324741150103	13.72580474442	0.000211528114492978	0.091209014199968	14.0607921381217	15.9556599778102	0.479523680189584	16	2984882	2986332	1451	+	63	79	62	88	136	121	ENST00000570752	FLYWCH1
15	ENSG00000060237	E023	20.1654065489507	0.00645617095467258	14.159918733954	0.000167909535702728	0.0834415146564026	6.65724182246989	9.24724617390748	1.03507715470994	12	977032	977733	702	+	16	19	4	18	35	33	c("ENST00000537687", "ENST00000530271", "ENST00000574564")	WNK1
16	ENSG00000063244	E001	848.883388875355	0.00951306803541358	14.0290942488414	0.000180003830358284	0.0853748037303652	28.6728971992728	31.5450895108256	0.574331596898986	19	56165512	56166430	919	+	809	837	616	799	1057	1095	ENST00000450554	U2AF2
17	ENSG00000066136	E066	39.363255794865	0.00349939862870404	18.0603627222493	2.14010622588238e-05	0.0229876782666789	11.9168195934301	9.13204610832629	-0.889940495920256	1	41237056	41237273	218	+	53	51	69	25	21	23	c("ENST00000496608", "ENST00000372652", "ENST00000414185", "ENST00000447388", "ENST00000308733", "ENST00000456393")	NFYC
18	ENSG00000067646	E001	16.2056336405225	0.0167507875777126	19.8740881261422	8.2713876744812e-06	0.013614351916358	9.06841734182625	5.46740621164318	-1.57066868176605	Y	2803112	2803321	210	+	22	19	29	8	10	12	ENST00000431102	ZFY
19	ENSG00000070444	E022	20.8700909298	0.00833762978315115	13.6671013110435	0.000218244577726554	0.0930401261668354	6.69382169469628	9.32206704467659	1.04439461110914	17	2303934	2304398	465	-	17	16	5	19	32	40	c("ENST00000575394", "ENST00000174618")	MNT
20	ENSG00000071564	E058	44.2750603453281	0.00237370123569709	33.4097386334518	7.46492266813725e-09	5.84194183833181e-05	9.36900691558048	13.1210338611571	1.14656327396097	19	1650287	1650744	458	-	21	33	33	39	66	80	ENST00000588136	TCF3
21	ENSG00000072163	E022	6.07000261239095	0.0107101358540699	17.3802268046998	3.05992788392037e-05	0.0301638426743731	2.68334235965792	5.94138365729767	2.35355764528056	2	128400498	128400647	150	-	2	2	3	14	5	9	c("ENST00000410011", "ENST00000409455", "ENST00000324938", "ENST00000409808", "ENST00000409754", "ENST00000409254", "ENST00000469300", "ENST00000545738", "ENST00000476932", "ENST00000409286", "ENST00000355119", "ENST00000582671", "ENST00000466410", "ENST00000410038", "ENST00000413578")	LIMS2
22	ENSG00000072818	E012	172.895957199476	0.000895442471343638	22.1704285375894	2.49487064414476e-06	0.00535966701007427	18.12147528524	20.3533480864722	0.502066625082223	17	7246254	7246697	444	+	113	161	228	111	205	248	ENST00000571220	ACAP1
23	ENSG00000074800	E022	10.6186920820695	0.00738661958881892	20.9415195928986	4.73519365041352e-06	0.00910170678467729	4.33563687066785	7.83167820834971	1.79651798150318	1	8938750	8939308	559	-	5	11	7	15	16	10	ENST00000489867	ENO1
24	ENSG00000076513	E017	26.1277150648885	0.00615814117833634	18.1464167195294	2.04553967659287e-05	0.0228454333666409	10.5295202402469	7.4909112912779	-1.09732919076878	12	110465704	110466316	613	+	33	34	42	13	18	22	ENST00000553251	ANKRD13A
25	ENSG00000078808	E012	69.972987743269	0.00358671188672286	18.3267011663887	1.86080735025224e-05	0.0219600733501624	12.5968791837966	14.6885816960091	0.559599160182393	1	1154386	1155673	1288	-	45	55	58	60	90	122	c("ENST00000494748", "ENST00000478938")	SDF4
26	ENSG00000078808	E015	59.670490648705	0.00338878633596185	19.3052519337216	1.11399511626588e-05	0.0156300800233947	11.6581301797383	13.9196293548143	0.630200627915941	1	1156111	1156731	621	-	44	42	45	45	88	104	ENST00000494748	SDF4
27	ENSG00000079246	E037	59.1764451741593	0.00610988935015773	14.0477284572403	0.000178228980754549	0.0852712820499121	13.80220171244	11.353916488986	-0.689907430049739	2	217059642	217059709	68	+	98	66	88	38	33	41	c("ENST00000392132", "ENST00000460284", "ENST00000392133")	XRCC5
28	ENSG00000079950	E011	5.2500667169045	0.0111464202084564	14.7761435645469	0.000121057358706732	0.0694730762162102	5.53534200742569	2.62243492164457	-2.20632644926188	6	132796732	132796801	70	-	11	8	8	1	4	1	c("ENST00000367937", "ENST00000448348", "ENST00000367941", "ENST00000475879")	STX7
29	ENSG00000080824	E001	79.661530067908	0.00161961075618168	15.6389584918258	7.66588568634296e-05	0.0531575802257663	13.3110456338839	15.5733914765195	0.585320081648647	14	102547075	102547385	311	-	107	77	89	89	61	59	ENST00000216281	HSP90AA1
30	ENSG00000081059	E002	215.231410947028	0.00627723154012064	14.4747917906479	0.00014204780424162	0.0770562524930416	21.85170566312	19.3848867275936	-0.540739660158388	5	133450403	133450846	444	+	175	199	203	125	270	366	c("ENST00000321603", "ENST00000395029", "ENST00000321584", "ENST00000378564", "ENST00000342854")	TCF7
31	ENSG00000081307	E002	8.01590081624609	0.00907788622017852	14.301450765228	0.000155744800226049	0.0804892066149358	3.6769338212271	6.52935330191089	1.71893477078057	3	132378310	132378761	452	+	4	4	5	11	15	9	ENST00000356232	UBA5
32	ENSG00000083807	E006	6.15307289592596	0.0102594055928944	13.8036942614141	0.000202936804079553	0.089935246144626	5.20823941944708	2.5975602544219	-2.05086143158379	19	59009753	59009841	89	-	13	11	11	0	3	1	c("ENST00000594786", "ENST00000599700", "ENST00000601355", "ENST00000263093")	SLC27A5
33	ENSG00000084073	E003	40.319025809021	0.00276544483885879	13.5562831719059	0.000231515101392369	0.0957230410083971	9.74358483038777	12.0210565183038	0.709010991642434	1	40723911	40724066	156	+	26	34	32	42	53	59	c("ENST00000479131", "ENST00000372759", "ENST00000472583")	ZMPSTE24
34	ENSG00000087157	E023	10.0050715232036	0.00744387368159426	13.6388851604874	0.000221548944660829	0.0940827343989526	6.99416548612527	4.27849698661562	-1.48324905665929	17	76399649	76399760	112	+	12	19	17	3	6	6	c("ENST00000588169", "ENST00000592043", "ENST00000588281", "ENST00000262764", "ENST00000591996", "ENST00000589425", "ENST00000329897", "ENST00000589426", "ENST00000589689")	PGS1
35	ENSG00000087157	E038	121.291798633176	0.0054645945854081	16.1735955745228	5.77941188692326e-05	0.0452288517967919	15.8803422890073	18.0668243126283	0.519501415080595	17	76416405	76417992	1588	+	106	111	113	102	122	192	ENST00000591996	PGS1
36	ENSG00000088448	E009	5.01903930048591	0.0240562706797153	17.2872090016209	3.21342679961931e-05	0.0311565900017603	5.76075674170905	2.26069598982939	-2.75899028251778	13	111545304	111545374	71	-	10	5	11	1	3	1	c("ENST00000465753", "ENST00000310847")	ANKRD10
37	ENSG00000095564	E001	50.5082295176611	0.00421399195837782	18.6549820424395	1.56637434948294e-05	0.01970198836688	10.6512887111016	13.2788069107594	0.765856672646957	10	93683526	93683847	322	+	50	41	23	55	58	82	ENST00000265990	BTAF1
38	ENSG00000096384	E002	37.5644761031931	0.0829555423900644	28.3320464587754	1.0219016764101e-07	0.000438984955243257	6.47326489301392	14.8457670131829	2.76455150243447	6	44215603	44215816	214	+	25	20	13	38	63	71	ENST00000371554	HSP90AB1
39	ENSG00000100060	E020	12.8093668577635	0.00625127876316155	15.464955801331	8.4049209997011e-05	0.0552786710710269	5.15099346178574	7.96847293023253	1.33731451101042	22	37876808	37877105	298	-	10	11	7	15	17	18	ENST00000466943	MFNG
40	ENSG00000100413	E006	21.5911477046514	0.004345498592793	13.5561834033096	0.000231527407926336	0.0957230410083971	9.33075556180693	6.92795507697702	-0.941460899700254	22	41925216	41925340	125	-	29	30	36	10	16	13	c("ENST00000407461", "ENST00000431534", "ENST00000396504", "ENST00000432789", "ENST00000337566", "ENST00000355209")	POLR3H
41	ENSG00000100599	E026	28.3399612289185	0.00671002683188056	16.4932107848792	4.8824592187286e-05	0.0407832047180079	7.67095826935899	10.4246016398807	0.989555459827255	14	93151496	93154030	2535	+	24	11	13	32	40	52	ENST00000556418	RIN3
42	ENSG00000101126	E002	3261.2836525411	0.00308111417628088	19.8332958413906	8.44979034986894e-06	0.013614351916358	39.7426539391834	40.3059189134236	0.109692808481373	20	49506840	49510732	3893	-	3209	3479	2517	2994	3566	4300	c("ENST00000371602", "ENST00000396029", "ENST00000396032", "ENST00000349014")	ADNP
43	ENSG00000101974	E044	4.51411835034472	0.0135303944829824	14.3657546294648	0.000150514955832319	0.0796653120333358	2.20664105668407	5.07956763147743	2.45049847920776	X	138901497	138901586	90	-	1	3	0	4	10	10	c("ENST00000370543", "ENST00000361648", "ENST00000485626", "ENST00000359686", "ENST00000370557", "ENST00000327569")	ATP11C
44	ENSG00000102804	E004	159.369598059067	0.00358848935428162	14.0915735659126	0.000174122084610626	0.0843118882172708	19.6220409184177	17.7218159392737	-0.432592801601587	13	45008151	45008702	552	-	183	207	177	118	161	139	c("ENST00000458659", "ENST00000261489")	TSC22D1
45	ENSG00000103187	E010	30.6674339323564	0.0030203868851316	13.793298637946	0.000204062807883632	0.089935246144626	7.79489200432598	10.3656976394923	0.920361177263254	16	84649630	84650081	452	-	15	10	17	30	52	63	ENST00000567786	COTL1
46	ENSG00000103253	E037	8.00094773823818	0.00819177955638095	14.3392183472561	0.000152651379614695	0.0800229208294027	6.05093448936471	3.04526237096682	-2.03955336592104	16	778794	778895	102	+	11	13	20	1	0	5	c("ENST00000569385", "ENST00000562141", "ENST00000563156", "ENST00000389701", "ENST00000564545", "ENST00000549114", "ENST00000389703", "ENST00000567696", "ENST00000341413", "ENST00000561561", "ENST00000564537", "ENST00000561546")	HAGHL
47	ENSG00000103253	E045	64.2795254327933	0.0085755463160849	13.5611616273837	0.000230914143570063	0.0957230410083971	13.980792760649	11.4940339267767	-0.695083198516056	16	779314	779715	402	+	67	85	141	33	33	36	c("ENST00000389701", "ENST00000389703", "ENST00000549114", "ENST00000567696", "ENST00000341413", "ENST00000564537")	HAGHL
48	ENSG00000103253	E049	135.649615123395	0.00561755127162125	21.1537883922663	4.2386253937846e-06	0.00844349591625142	16.6863362915099	18.6748026850136	0.463528748688757	16	783848	785525	1678	+	128	146	196	84	119	164	ENST00000569604	HAGHL
49	ENSG00000103423	E029	21.7982605680977	0.0042020051699568	18.6318357190907	1.58550665571703e-05	0.01970198836688	6.9137189755449	9.9400389510475	1.15489480142111	16	4499555	4500400	846	+	18	19	19	26	23	27	ENST00000576180	DNAJA3
50	ENSG00000103769	E029	219.450069744107	0.00201703364387411	14.2510820553913	0.000159968810468069	0.08151861773257	20.0181745568418	21.5821364542663	0.341643397215793	15	66180262	66180585	324	+	203	233	228	156	262	274	c("ENST00000261890", "ENST00000569896", "ENST00000564910")	RAB11A
51	ENSG00000104064	E008	7.91232281558183	0.0080426010369176	16.5721377304101	4.68340512841382e-05	0.0403816788437024	6.3692901780186	3.40140820116953	-1.87185458231966	15	50578091	50578264	174	-	12	16	13	2	4	3	c("ENST00000396464", "ENST00000429662", "ENST00000560825", "ENST00000359031")	GABPB1
52	ENSG00000104886	E034	5.94271335976732	0.0111307765240782	19.4489826853663	1.03322857927309e-05	0.0154257652941904	2.59678921111461	6.12480170779658	2.54157715713663	19	2236377	2236664	288	-	3	2	2	11	8	9	c("ENST00000589791", "ENST00000589097")	PLEKHJ1
53	ENSG00000105221	E001	139.571136221301	0.0046364960733897	18.1656505245323	2.02498389233546e-05	0.0228454333666409	18.9017244679172	16.2780463822007	-0.613338409347135	19	40736224	40738241	2018	-	150	216	211	83	114	92	ENST00000392038	AKT2
54	ENSG00000105325	E023	5.91649806940813	0.0222629162050833	15.9787263018276	6.40582869899116e-05	0.0480709180766349	5.80328767372193	2.45261453901387	-2.54421310363855	19	3534283	3534418	136	+	9	8	14	4	0	1	ENST00000588084	FZR1
55	ENSG00000105993	E046	217.818184916842	0.00688067724346697	35.721240365093	2.27668194952649e-09	2.49437827754021e-05	22.58578615119	18.7751200171113	-0.835189996366046	7	157178306	157179012	707	+	242	268	282	154	218	179	c("ENST00000487480", "ENST00000429029")	DNAJB6
56	ENSG00000105993	E049	85.5441290648417	0.0225358707861347	13.8828548119066	0.000194565300414037	0.0882511849396791	12.6713283631361	16.2514145717883	0.927666966932251	7	157202696	157208098	5403	+	35	78	44	80	150	140	ENST00000459889	DNAJB6
57	ENSG00000106355	E007	488.592338124355	0.00289715809765905	15.2246983243918	9.54469193827624e-05	0.0604471409330301	26.5322428309086	25.6237575452645	-0.186322098317719	7	32526677	32526905	229	-	501	534	808	349	398	401	c("ENST00000409987", "ENST00000409292", "ENST00000468872", "ENST00000409782", "ENST00000480956", "ENST00000410044", "ENST00000223084", "ENST00000450169", "ENST00000409952", "ENST00000409909")	LSM5
58	ENSG00000106638	E001	51.6326036961061	0.00555168845944434	16.2242495396128	5.62692156488615e-05	0.044352286366335	13.2521005791039	10.5576213823038	-0.788218952557369	7	72983262	72983989	728	-	78	80	67	31	37	28	ENST00000305632	TBL2
59	ENSG00000107521	E020	16.6066545131085	0.00526014514836577	14.1175702820562	0.000171732165169906	0.083996961965827	8.61264671513371	5.84826200358026	-1.20147017595487	10	100188913	100189329	417	-	25	20	27	11	9	10	c("ENST00000338546", "ENST00000414009")	HPS1
60	ENSG00000107758	E006	15.6635803873787	0.0264063783012804	14.4607446161061	0.0001431111227033	0.0770562524930416	8.30645861137512	4.8841306820936	-1.62798323402904	10	75203538	75203894	357	-	19	28	33	8	5	4	ENST00000342558	PPP3CB
61	ENSG00000108010	E009	14.7002587984809	0.00511471901353788	15.7853587330319	7.09494299922348e-05	0.0508062839791453	8.06862805323166	5.12359876093086	-1.39272961239047	10	131967697	131967754	58	+	28	19	24	7	7	6	c("ENST00000331244", "ENST00000368644", "ENST00000481034")	GLRX3
62	ENSG00000108292	E032	11.4949902040009	0.00526314011621131	13.9826394405607	0.000184506413127376	0.0867591915667878	7.69773883543406	4.86090803152826	-1.40206944251361	17	36878931	36879021	91	+	16	17	15	5	7	12	c("ENST00000325718", "ENST00000494578")	MLLT6
63	ENSG00000108424	E023	174.940460550378	0.0011508570763232	13.7715292170348	0.00020644120094241	0.089935246144626	18.6176107550934	19.9575164660706	0.300977789782922	17	45747044	45747235	192	+	219	215	144	164	166	168	c("ENST00000582097", "ENST00000583013", "ENST00000290158", "ENST00000537679", "ENST00000535458", "ENST00000540627")	KPNB1
64	ENSG00000108518	E005	126.43001349487	0.00131813011591112	14.5027334290325	0.0001399563155071	0.077054742912507	16.1961530656884	18.1854023119658	0.469735152462848	17	4850116	4850764	649	-	90	115	134	117	140	177	ENST00000574872	PFN1
65	ENSG00000108641	E003	20.3000792310654	0.00690079146904824	13.4367181297799	0.000246746898190701	0.0979495784767014	8.73108458857094	6.64655811068698	-0.854805012397009	17	19246483	19246766	284	-	32	29	33	14	6	11	c("ENST00000477478", "ENST00000261499", "ENST00000395615")	B9D1
66	ENSG00000109046	E030	65.3378433616052	0.00773866193541387	19.4379821688157	1.03919670774324e-05	0.0154257652941904	11.6327666704511	14.7919927840908	0.863893140086494	17	25633909	25634769	861	+	48	54	34	57	100	110	ENST00000581185	WSB1
67	ENSG00000110066	E007	72.1376883872797	0.0232421353511713	13.4523742753472	0.000244696316756506	0.0978944142172102	15.8471657625249	12.0646516491025	-1.00146366574976	11	67933874	67934448	575	-	89	88	94	59	45	68	c("ENST00000402185", "ENST00000401547", "ENST00000405515")	SUV420H1
68	ENSG00000110987	E001	263.471276728449	0.0118400351221645	15.8982353954836	6.684100765125e-05	0.0484982415912997	23.5808948829104	20.3208810175595	-0.700104403750706	12	122457328	122459791	2464	+	259	302	393	139	238	301	ENST00000538010	BCL7A
69	ENSG00000111011	E051	9.35868065429075	0.00705678977207635	38.2251419772901	6.30349825485661e-10	9.33406952921533e-06	3.05760818952302	7.73885778882608	2.78697074170019	12	123007454	123008303	850	-	2	3	5	17	15	13	ENST00000527173	RSRC2
70	ENSG00000112200	E025	488.970205466159	0.0126621118243039	23.5021852676076	1.24771968064916e-06	0.00310687871934736	24.1035532988951	27.9943803452642	0.798722790163925	6	56967678	56974514	6837	+	492	383	289	493	555	782	ENST00000370708	ZNF451
71	ENSG00000112200	E049	25.198870506189	0.0104041124299497	14.6551633054012	0.000129080554396299	0.0728985757771509	10.2063048903132	7.45732089337353	-1.00743556150794	6	57033221	57033430	210	+	50	32	27	9	21	19	c("ENST00000504603", "ENST00000357489", "ENST00000370706", "ENST00000504364")	ZNF451
72	ENSG00000112739	E007	6.37235930313406	0.0110933078580933	16.2370012599373	5.58917507884193e-05	0.044352286366335	2.74047792049738	6.09969072922607	2.37202829433401	6	4041006	4041081	76	+	3	3	1	11	7	13	c("ENST00000481109", "ENST00000337659", "ENST00000538861", "ENST00000480058")	PRPF4B
73	ENSG00000113369	E019	13.4391135382658	0.00570687176768632	13.7221550487548	0.000211939550580542	0.091209014199968	8.08334351171547	5.59400524031785	-1.13429494722845	5	90676597	90676837	241	-	19	15	10	11	14	14	ENST00000508948	ARRDC3
74	ENSG00000113638	E008	10.1478521717098	0.00856475604749547	13.8868145220482	0.000194155804428469	0.0882511849396791	7.1055868374527	4.21282440511519	-1.57800558562792	5	40755926	40756047	122	-	11	16	21	4	6	5	c("ENST00000504251", "ENST00000511730", "ENST00000337702", "ENST00000503936")	TTC33
75	ENSG00000114098	E042	84.4052465107897	0.00235426597494167	34.2311416294509	4.89394986274293e-09	4.46825779051534e-05	15.6752651071745	13.1852534152656	-0.644737928943138	3	137964525	137965314	790	+	131	117	121	49	53	52	c("ENST00000486832", "ENST00000358441", "ENST00000471453")	ARMC8
76	ENSG00000114302	E003	104.138686731224	0.00135314941527708	13.4920524098475	0.000239576007696076	0.0978944142172102	16.9422093049266	15.2878095416051	-0.403087976066613	3	48784948	48785373	426	-	115	142	100	77	107	105	c("ENST00000454963", "ENST00000265563")	PRKAR2A
77	ENSG00000114861	E015	23.5809868125879	0.00606011623148532	15.2904322089347	9.21822372263296e-05	0.0589145182444141	6.99879719836703	9.57375241678694	0.993817498738893	3	71026979	71027180	202	-	11	20	7	29	33	44	c("ENST00000468577", "ENST00000498215", "ENST00000475937", "ENST00000497355", "ENST00000491238", "ENST00000484350", "ENST00000327590", "ENST00000493089", "ENST00000318789")	FOXP1
78	ENSG00000115085	E018	556.606673915847	0.00063897252650896	23.8160676099142	1.05993972479085e-06	0.00283241746652523	26.5503166929848	27.9240910184824	0.279292717811044	2	98350246	98350868	623	+	270	635	719	245	779	825	ENST00000487283	ZAP70
79	ENSG00000115310	E030	5.31323738726919	0.0109971070060129	19.5267800147796	9.91991947876681e-06	0.0154257652941904	5.57432583782419	1.97542735435515	-3.05136728025339	2	55277564	55277680	117	-	9	14	8	1	2	0	c("ENST00000357732", "ENST00000337526", "ENST00000317610", "ENST00000394611")	RTN4
80	ENSG00000115380	E037	182.058761269486	0.00497503671456985	14.4080121328145	0.000147174791570109	0.0786573878731917	18.3985083073258	20.6461712911181	0.502714158379614	2	56150933	56151274	342	-	68	202	202	75	294	299	ENST00000394555	EFEMP1
81	ENSG00000115524	E027	316.824717442116	0.00116359178504968	14.8070351344571	0.000119090402148024	0.0692636553203449	22.4772282306936	23.9716352353668	0.315378309350892	2	198273093	198273305	213	-	302	357	299	313	310	359	c("ENST00000468925", "ENST00000335508")	SF3B1
82	ENSG00000115825	E031	5.16632554313902	0.0117077604059857	14.035892479895	0.000179354266895452	0.0853748037303652	2.47358376220494	5.27033139834552	2.22890223283141	2	37543380	37543531	152	-	3	2	0	8	9	9	c("ENST00000464552", "ENST00000234179", "ENST00000494667", "ENST00000379066")	PRKD3
83	ENSG00000116350	E019	12.6969040856941	0.00570624441864164	13.5234966132507	0.000235595045955103	0.0970385880636578	5.20419762790969	7.8871666703913	1.27417672946571	1	29493241	29493424	184	-	11	10	7	12	17	21	c("ENST00000605204", "ENST00000472353")	SRSF4
84	ENSG00000116353	E004	15.2675143189355	0.0049717864006698	16.5866726075899	4.64764772682751e-05	0.0403816788437024	7.7959522102068	5.02212679057483	-1.34431889262608	1	29520386	29520543	158	-	24	24	31	5	6	5	c("ENST00000373791", "ENST00000483435", "ENST00000473030", "ENST00000263702", "ENST00000475773")	MECR
85	ENSG00000116497	E031	23.6900321387166	0.00670039062927232	13.5798669144777	0.000228624444537025	0.095605157986128	7.44512368904894	9.96448020167788	0.933174599792092	1	33300666	33302779	2114	+	24	20	12	21	33	36	ENST00000356689	S100PBP
86	ENSG00000116679	E021	105.711888758997	0.0158758267197765	13.5852211518483	0.000227973258147239	0.095605157986128	14.3953592418286	17.8575913835838	0.844989813222733	1	185274776	185275616	841	-	113	87	73	99	132	144	ENST00000480769	IVNS1ABP
87	ENSG00000116754	E059	215.115559565621	0.00212735824267913	26.6838785115176	2.39612398595588e-07	0.00089438974995407	21.6356562741578	19.2204854697685	-0.531155251261499	1	70717685	70718735	1051	+	287	248	314	125	191	163	ENST00000370950	SRSF11
88	ENSG00000117228	E021	4.44851561322799	0.0145345575770786	14.5287019960706	0.000138040321010264	0.0763837053056897	1.27807302847273	4.59498344661731	3.73391099951317	1	89525039	89525109	71	-	1	0	0	5	12	9	c("ENST00000493139", "ENST00000370473")	GBP1
89	ENSG00000119574	E003	187.505366957913	0.00132825304124687	13.9523438739227	0.000187503728695562	0.0870478115395895	19.1212079577235	20.3667934587343	0.277262858857979	19	59027762	59028675	914	-	232	201	148	174	186	211	c("ENST00000354590", "ENST00000600990", "ENST00000594051")	ZBTB45
90	ENSG00000119729	E014	5.16577791353365	0.0122742521383121	15.3133725803994	9.10695460753473e-05	0.0586927153359247	5.13047167261024	2.40200202168109	-2.23367556635438	2	46803796	46804264	469	+	10	12	7	1	1	2	ENST00000494370	RHOQ
91	ENSG00000120437	E003	14.4619029077642	0.0123939848891493	14.1609512803776	0.000167817409755089	0.0834415146564026	5.41114832882814	8.39975731472047	1.35625672190431	6	160183527	160183809	283	+	15	10	6	21	14	21	c("ENST00000541436", "ENST00000467951")	ACAT2
92	ENSG00000120675	E004	7.87667295983512	0.010472073844735	16.083772067325	6.06011217888941e-05	0.0464672378815599	6.49857634459764	3.42617759550556	-1.91207160581205	13	43652748	43652824	77	+	16	12	11	4	4	2	c("ENST00000379221", "ENST00000474320")	DNAJC15
93	ENSG00000120725	E040	48.9585173478459	0.0210634238034332	14.2375871375045	0.00016111998778547	0.0817251301007023	13.0913198987343	10.0529507079056	-0.907344598806593	5	138616257	138616374	118	-	89	71	58	34	31	20	c("ENST00000508744", "ENST00000509400")	SIL1
94	ENSG00000121680	E001	12.6327660731259	0.00975087106210278	17.8084517817542	2.44295670007553e-05	0.0254909735213024	4.72179318816483	7.87198472042076	1.55901173824971	11	45931220	45931720	501	-	11	6	3	14	22	21	ENST00000241041	PEX16
95	ENSG00000122417	E006	184.655744211285	0.00560580716950569	15.7103620349602	7.38186640756282e-05	0.0521788417642192	18.5121161688047	20.5915872587299	0.464781068570341	1	86815777	86817891	2115	-	170	167	135	157	215	294	c("ENST00000294678", "ENST00000359242")	ODF2L
96	ENSG00000122687	E006	43.1961673405224	0.00371202170763873	14.0855065334957	0.000174684640891189	0.0843118882172708	10.2972835598258	12.2131622953641	0.581706369199	7	2277650	2278468	819	-	40	40	27	49	62	45	ENST00000486040	FTSJ2
97	ENSG00000123104	E009	21.1046288994655	0.0138834691066954	13.7732342486513	0.00020625391581224	0.089935246144626	9.54966957767992	6.64008605121923	-1.14776957742771	12	26568236	26568431	196	-	27	39	28	12	14	12	c("ENST00000381340", "ENST00000451599", "ENST00000538984")	ITPR2
98	ENSG00000125354	E001	616.528576535472	0.00308022467489298	28.2948106187916	1.0417488578453e-07	0.000438984955243257	29.1007775458692	26.6809382496893	-0.489876720552962	X	118749687	118750674	988	-	564	871	724	432	551	683	ENST00000360156	SEPT6
99	ENSG00000125354	E006	1913.34616458505	0.000203063713690561	22.6509404896701	1.94265107753844e-06	0.00452852632675036	36.4338304825399	35.9056199144073	-0.103525944393489	X	118751602	118752675	1074	-	1634	2403	1869	1422	2145	2383	c("ENST00000354416", "ENST00000343984", "ENST00000394610")	SEPT6
100	ENSG00000125354	E009	2319.84666539964	0.00248644254059458	13.8775742483632	0.000195112747447649	0.0882511849396791	36.7566737763389	38.1591685808841	0.274195166442849	X	118753272	118754014	743	-	1871	2450	1861	1969	3059	3094	c("ENST00000354416", "ENST00000394610", "ENST00000467310")	SEPT6
101	ENSG00000125462	E044	4.48699166314148	0.0163186675930114	13.6704388467865	0.000217857020695009	0.0930401261668354	5.27757973401132	2.32572806541529	-2.41239416121293	1	156391347	156391544	198	-	4	8	11	1	2	2	c("ENST00000464203", "ENST00000486517", "ENST00000482932", "ENST00000497822", "ENST00000463309", "ENST00000465270")	C1orf61
102	ENSG00000125779	E014	35.1852816288244	0.00276415300995415	14.1506785667747	0.000168736233491892	0.0834415146564026	11.2992412817195	9.11979840135564	-0.711087357553295	20	3899318	3899436	119	+	49	47	50	20	29	23	c("ENST00000336066", "ENST00000316562", "ENST00000497424", "ENST00000495692", "ENST00000610179")	PANK2
103	ENSG00000127399	E001	13.7761042324788	0.00663479438263744	18.9625001458213	1.33312980945723e-05	0.017899887811511	5.00779318058746	8.34215422361055	1.56685114794855	7	150019728	150020301	574	+	10	8	6	11	25	25	ENST00000471872	LRRC61
104	ENSG00000128050	E003	9.84211842377509	0.0125899989862292	14.8101512075409	0.0001188937875767	0.0692636553203449	4.29973040002291	7.44090450423361	1.66087840398427	4	57301918	57302094	177	+	8	12	3	17	11	8	c("ENST00000514888", "ENST00000264221", "ENST00000505164")	PAICS
105	ENSG00000128699	E009	57.3755651079848	0.00761146431040956	16.5582840320702	4.71774419232389e-05	0.0403816788437024	11.3138804882726	14.0845590944014	0.776431062058607	2	190647329	190647739	411	-	44	49	48	52	69	90	c("ENST00000458355", "ENST00000325795")	ORMDL1
106	ENSG00000128699	E011	48.7371252895891	0.00744697985212413	16.3583356329778	5.2425077104266e-05	0.0425466392422043	10.4852726103693	13.2564714712926	0.812417688046393	2	190647850	190648108	259	-	41	39	38	44	60	77	c("ENST00000325795", "ENST00000442547")	ORMDL1
107	ENSG00000129968	E010	137.301068014684	0.00224626518351933	19.4560021875663	1.02943827619535e-05	0.0154257652941904	16.520129317842	18.4912492151615	0.461556288827015	19	1878904	1879919	1016	-	86	100	118	117	207	214	c("ENST00000588598", "ENST00000591351")	ABHD17A
108	ENSG00000130723	E025	256.429197127682	0.00115742190482043	17.1322377487469	3.48654628354493e-05	0.0321152881573515	20.913822808972	22.4295222104414	0.326587734704653	9	134351317	134351922	606	+	182	267	164	194	362	423	c("ENST00000451855", "ENST00000357304", "ENST00000372249")	PRRC2B
109	ENSG00000130811	E024	39.643096395259	0.0178041232943407	16.1172743021775	5.95384835743978e-05	0.0462635130310509	9.06766786351409	12.7133160721983	1.13987097051718	19	10227865	10228266	402	-	20	39	31	31	65	59	ENST00000589674	EIF3G
110	ENSG00000130921	E019	263.850592036857	0.00365048764621123	15.0409974665898	0.000105200848048717	0.0636796426183068	22.3965246400694	21.4843248300329	-0.195758733127953	12	123741510	123742118	609	+	270	304	362	195	241	250	c("ENST00000253233", "ENST00000429587", "ENST00000366329")	C12orf65
111	ENSG00000132507	E017	32.7145990864624	0.0133762527207219	30.3153376324497	3.67210715926715e-08	0.000211749160307172	7.89277484060862	12.3731403058156	1.48641232287834	17	7213421	7213772	352	+	29	28	21	34	42	46	ENST00000355068	EIF5A
112	ENSG00000133740	E028	178.389231633766	0.00862867553227504	16.4455651321012	5.0067171423864e-05	0.0412440559063263	18.3139836716653	20.4020898739843	0.468528873559524	8	86126754	86128353	1600	+	172	178	284	128	148	182	ENST00000519128	E2F5
113	ENSG00000134453	E004	4.12840303197515	0.0138903638446589	16.249446793901	5.55258047951589e-05	0.044352286366335	2.01663242878374	5.20552330052235	2.78546663931238	10	6131309	6131934	626	+	1	0	3	4	8	9	ENST00000446108	RBM17
114	ENSG00000134779	E008	326.748737761769	0.0142531646454305	21.8492071477085	2.9493844301839e-06	0.00609698975358128	21.0599391552309	25.0976134543656	0.854519856099021	18	34374069	34376034	1966	-	265	235	196	456	383	430	ENST00000334295	TPGS2
115	ENSG00000134954	E010	317.29384553513	0.00186588577901492	13.9042112145699	0.00019236697566483	0.088184563128829	22.497389311928	23.584873152977	0.229996375107659	11	128350086	128350295	210	-	234	309	197	283	403	532	c("ENST00000392668", "ENST00000535549", "ENST00000319397")	ETS1
116	ENSG00000135452	E003	5.56729288525352	0.0279421432743943	33.0593212870084	8.93894711464073e-09	6.52912615849512e-05	1.51607913463486	5.92645695751105	4.00381643313167	12	58133649	58133753	105	+	0	1	1	10	7	14	c("ENST00000550528", "ENST00000547311")	TSPAN31
117	ENSG00000135604	E002	69.2034993190946	0.0172005076432031	15.4995493205144	8.25249274031411e-05	0.054797552097836	14.0363166284172	13.4357892144004	-0.159781870303732	6	144507760	144509507	1748	+	95	65	50	80	78	52	ENST00000367568	STX11
118	ENSG00000135720	E027	61.9186301737593	0.00284212380542949	18.2836045735351	1.90338309733102e-05	0.0219600733501624	11.5686732874317	13.71775029216	0.603207639937541	16	66766541	66767449	909	-	36	49	23	64	103	105	ENST00000567499	DYNC1LI2
119	ENSG00000135778	E007	50.1727503599307	0.00341889747901395	14.7304162499092	0.00012402915008184	0.0704890131621183	12.639281307471	10.8676007964997	-0.521783551472743	1	233091303	233091403	101	+	70	83	66	28	36	30	c("ENST00000479125", "ENST00000366627", "ENST00000366628", "ENST00000490807")	NTPCR
120	ENSG00000135801	E003	259.825744851202	0.000862781151982267	22.4994111716089	2.10208021635857e-06	0.00470016556458527	22.4074867719285	21.3855178348997	-0.219457405306199	1	229734941	229737941	3001	-	271	351	283	186	267	252	ENST00000366675	TAF5L
121	ENSG00000135845	E008	30.8901561551091	0.0161718790519311	32.2786588703814	1.33572356054448e-08	9.14653404627337e-05	7.26331565406872	11.9363735328285	1.6208133544809	1	172362274	172363550	1277	-	13	24	17	29	48	59	ENST00000484368	PIGC
122	ENSG00000135899	E001	155.41767652588	0.00558796318788591	17.1313481935377	3.4881795610931e-05	0.0321152881573515	16.9975403322742	19.3079167598629	0.532446826392651	2	231032009	231033633	1625	-	94	133	88	125	229	293	ENST00000477068	SP110
123	ENSG00000135931	E050	62.6887503703832	0.00409004147828009	21.0012732298085	4.58978251409633e-06	0.00897974556802539	12.0655407882727	14.1308786910294	0.566643735795238	2	232236931	232239548	2618	+	50	50	51	64	89	78	ENST00000483477	ARMC9
124	ENSG00000135972	E001	27.2746048818606	0.00353672537066254	13.496406201131	0.000239020782628157	0.0978944142172102	9.87835560393164	7.48738708507734	-0.886889733440002	2	105654441	105654685	245	+	40	38	53	11	14	13	ENST00000258455	MRPS9
125	ENSG00000136709	E007	368.386387060175	0.0076578833273956	16.6657841394423	4.45778251577787e-05	0.0390722854394924	22.9021698948362	25.4981329106336	0.54201074984538	2	128476839	128477927	1089	-	308	403	262	324	445	532	ENST00000322313	WDR33
126	ENSG00000136709	E020	273.927766776668	0.00378846952019049	14.2031216770955	0.000164098054513271	0.0828304487899485	23.0884916340483	21.2832356085157	-0.386156056707724	2	128520734	128522401	1668	-	331	329	331	205	241	251	ENST00000409658	WDR33
127	ENSG00000136758	E023	58.4300244782106	0.00241451210848909	15.6437851274696	7.64634514690552e-05	0.0531575802257663	13.8122124804105	11.4703155318168	-0.657631723300543	10	27434520	27436426	1907	-	88	74	81	29	45	46	ENST00000477432	YME1L1
128	ENSG00000136950	E005	51.5051187471311	0.005664401574428	14.1262526524241	0.000170941362888128	0.0839851013486507	10.9418233037249	13.4868893016739	0.731409668765161	9	127634868	127635970	1103	+	40	58	41	51	65	61	ENST00000465124	ARPC5L
129	ENSG00000137135	E004	221.217373643509	0.0052075182094686	25.3864841480801	4.69193958954624e-07	0.00142793968141629	19.4929803732039	21.9205212452346	0.531317113264231	9	35660091	35660964	874	-	156	172	232	197	268	327	c("ENST00000490638", "ENST00000378387", "ENST00000475323", "ENST00000378395", "ENST00000343259")	ARHGEF39
130	ENSG00000137135	E008	32.3226021162018	0.0120042825477938	16.0690833399889	6.10730203441397e-05	0.0464672378815599	11.3187740663082	8.56865233192036	-0.917335748694109	9	35661835	35661999	165	-	32	53	49	12	22	35	c("ENST00000490638", "ENST00000378387", "ENST00000475323", "ENST00000378395", "ENST00000490970", "ENST00000343259", "ENST00000488918")	ARHGEF39
131	ENSG00000137312	E023	13.7526521649373	0.00907968666898666	14.5963779981986	0.000133170256969991	0.0740629426098788	5.07481959763576	8.03085209895369	1.40656931939085	6	30709131	30709390	260	-	6	10	7	19	18	23	c("ENST00000484168", "ENST00000484693")	FLOT1
132	ENSG00000137871	E059	6.80087402236691	0.0111969554970424	15.0168522161544	0.000106555386330272	0.0641451716325125	3.33195301038366	6.25311873143215	1.87615610364972	15	57178368	57180122	1755	-	1	3	7	4	11	16	ENST00000561122	ZNF280D
133	ENSG00000138085	E002	6.46172212819151	0.0123269051152925	14.4559535730719	0.000143475616624199	0.0770562524930416	5.73958126109825	2.62755902008979	-2.31008598504038	2	27435045	27435178	134	+	9	13	13	4	1	0	c("ENST00000484646", "ENST00000380171")	ATRAID
134	ENSG00000138641	E001	176.070132407166	0.0121068877688233	16.4811760992021	4.91354942660506e-05	0.0407832047180079	20.8186475945005	17.6544338308588	-0.712293046595194	4	89442199	89443185	987	+	225	204	227	149	144	129	ENST00000601319	HERC3
135	ENSG00000138688	E019	5.42054113882054	0.0102804888087937	14.0066896795501	0.000182161382879085	0.0860257130646477	2.32328379714484	5.29761680308177	2.42683836365598	4	123128265	123128420	156	+	1	3	0	7	11	11	c("ENST00000388738", "ENST00000264501", "ENST00000424425", "ENST00000495260", "ENST00000455637")	KIAA1109
136	ENSG00000138698	E039	23.6554486810896	0.0249898090877931	16.8896034537686	3.96179858739906e-05	0.0352896403928956	10.155563759952	6.10561470085216	-1.60681400133395	4	99317092	99318060	969	+	48	29	40	12	7	10	ENST00000514139	RAP1GDS1
137	ENSG00000138777	E039	42.5184825551727	0.0369676220429039	18.4595995199874	1.73544444422528e-05	0.020894369692111	8.98122913725976	13.7909170246886	1.46393697768263	4	106394515	106394866	352	-	51	34	26	43	49	57	c("ENST00000502596", "ENST00000505713")	PPA2
138	ENSG00000139436	E002	175.658900640101	0.0151515509080063	17.0204340169907	3.697969926036e-05	0.0337630817530297	17.9493592593974	20.3072517539331	0.531661994352691	12	110367609	110370419	2811	-	121	189	107	171	219	275	c("ENST00000343646", "ENST00000361006", "ENST00000360185", "ENST00000338373", "ENST00000356259", "ENST00000354574", "ENST00000457474", "ENST00000355312")	GIT2
139	ENSG00000139625	E037	14.8184618399683	0.00585581372604833	30.9797591519633	2.60733409786381e-08	0.000158702632461197	8.99079729593738	5.0536901493456	-1.77924149291925	12	53881213	53881693	481	-	22	17	26	5	11	11	ENST00000552365	MAP3K12
140	ENSG00000140374	E018	10.3007651514865	0.00639571363561866	13.4434993151186	0.000245856607146797	0.0979495784767014	4.50866733459463	7.2356143489619	1.43293570367265	15	76522845	76523673	829	-	7	6	8	13	14	14	ENST00000559075	ETFA
141	ENSG00000140471	E004	28.3370603239344	0.00575513871730541	14.7752806148835	0.000121112772286889	0.0694730762162102	8.00125157769651	10.5577216103849	0.899417794179442	15	101107119	101109439	2321	-	22	25	12	33	39	42	ENST00000314742	LINS
142	ENSG00000140548	E013	455.118623175061	0.00387965435980749	13.4532550587243	0.000244581466753208	0.0978944142172102	26.2351796219586	25.2214096187831	-0.208528110255175	15	90622892	90624693	1802	+	427	497	350	362	508	673	ENST00000268154	ZNF710
143	ENSG00000141040	E001	100.930257758324	0.0407855704946518	13.9119814062716	0.000191573372244943	0.088184563128829	13.3673621754403	18.0440644669649	1.16000247701376	17	16454701	16456423	1723	-	64	94	64	96	128	175	c("ENST00000395825", "ENST00000395824")	ZNF287
144	ENSG00000141556	E020	125.305408196877	0.00137760236181028	29.5432000913617	5.46841659245697e-08	0.000272332117592168	15.91233872512	18.4377693594381	0.596872107607495	17	80828100	80828256	157	+	101	119	114	99	170	169	c("ENST00000574801", "ENST00000397466", "ENST00000539345", "ENST00000576160", "ENST00000571712", "ENST00000576996", "ENST00000355528")	TBCD
145	ENSG00000141736	E081	28.9571805732822	0.00803983661408363	19.4699504711529	1.02194803894405e-05	0.0154257652941904	10.7561172106803	8.26859586192721	-0.857927797390398	17	37886276	37886679	404	+	30	30	44	26	26	20	ENST00000584888	ERBB2
146	ENSG00000142168	E006	25.8224974519072	0.0248992829300384	18.8261414372719	1.43191034951099e-05	0.0186765430610861	6.96587120732542	11.2961436933589	1.56060163726834	21	33032155	33033021	867	+	25	21	14	30	37	30	ENST00000470944	SOD1
147	ENSG00000142186	E041	54.960025854565	0.00294952660300641	15.0411964419056	0.000105189757914334	0.0636796426183068	13.4340234247106	11.2600194718777	-0.619803884196575	11	65305480	65305653	174	+	74	62	86	31	42	44	c("ENST00000420247", "ENST00000528545", "ENST00000525364", "ENST00000532290", "ENST00000533862", "ENST00000279270", "ENST00000527009", "ENST00000534462", "ENST00000270176", "ENST00000524944")	SCYL1
148	ENSG00000143093	E042	7.68841218717079	0.00909027971380521	13.9702971414227	0.000185721638092311	0.0867643319890358	3.50910137340551	6.3872717632494	1.78894325884626	1	110597264	110597424	161	+	4	5	2	9	10	17	ENST00000473429	STRIP1
149	ENSG00000143429	E002	23.5017154341353	0.0063030201834662	15.1741431959845	9.80366984514632e-05	0.061730441124938	7.46245668038207	9.7214176398788	0.844662864930097	2	91816787	91816979	193	-	16	24	12	26	31	35	ENST00000608501	AC027612.6
150	ENSG00000143429	E012	19.6490532065703	0.00508334036950948	13.9664589827919	0.000186101184876357	0.0867643319890358	9.38547663972879	6.3281785589747	-1.23862780428901	2	91843405	91843528	124	-	32	26	28	10	13	13	c("ENST00000544283", "ENST00000608531", "ENST00000609777", "ENST00000423774", "ENST00000608501", "ENST00000271699")	AC027612.6
151	ENSG00000143641	E018	8.76456532233241	0.00732075280537571	16.5286411937912	4.79207243763777e-05	0.0404194627118953	3.79737251832453	6.87774361894617	1.78390975123483	1	230397612	230397696	85	+	3	6	4	4	18	20	ENST00000485438	GALNT2
152	ENSG00000143641	E019	141.405984330375	0.00855282596887476	31.065509647297	2.49464979777741e-08	0.000158702632461197	15.5898920862223	19.8405778371178	0.992397043485249	1	230397697	230398318	622	+	56	127	121	70	218	292	c("ENST00000485438", "ENST00000492568")	GALNT2
153	ENSG00000145907	E009	7.31899368027751	0.00778791134257474	19.9846988788034	7.80643486218811e-06	0.0133095065013736	3.35423974012312	6.40838048834807	1.93154512660253	5	151151840	151152064	225	+	3	4	4	10	12	11	ENST00000520006	G3BP1
154	ENSG00000146281	E002	26.9022470013326	0.00379330228284747	18.1290236020295	2.06430870493186e-05	0.0228454333666409	8.08980155585043	10.5026803455228	0.847160280995756	6	89858984	89859132	149	+	21	34	19	25	36	31	ENST00000275072	PM20D2
155	ENSG00000146776	E001	57.8506100334557	0.0201337544599548	14.1949625828666	0.000164811137403559	0.0828304487899485	10.6871362633369	14.0049147639368	0.948580036490309	7	105245514	105248217	2704	-	34	49	19	46	109	102	ENST00000419735	ATXN7L1
156	ENSG00000148019	E014	7.39640038961678	0.0254971580057016	18.8663846703044	1.40201632085414e-05	0.0185069532705326	6.59492382107133	3.35342704572022	-2.02019784893505	9	80863207	80863271	65	+	8	13	14	4	0	7	c("ENST00000376598", "ENST00000277082", "ENST00000424347", "ENST00000536374", "ENST00000415759", "ENST00000376597")	CEP78
157	ENSG00000148019	E019	6.50561558672955	0.0139835679680406	15.5070900731671	8.21963712493474e-05	0.054797552097836	6.03865707893882	3.3521594662915	-1.75212140699389	9	80868148	80868193	46	+	9	7	13	3	4	4	c("ENST00000376598", "ENST00000277082", "ENST00000424347", "ENST00000415759", "ENST00000376597")	CEP78
158	ENSG00000149091	E001	14.389603813114	0.00522764745139349	20.275220192992	6.70635566006045e-06	0.0120452744070089	4.865748086551	8.34268579443237	1.65307337104385	11	46354455	46355037	583	+	8	7	5	11	27	31	ENST00000343674	DGKZ
159	ENSG00000150637	E018	7.29715621240106	0.00963107823514719	16.9247935426717	3.88902908225485e-05	0.03521403341405	2.81949343394449	6.2049483216407	2.34118843052494	18	67614769	67615089	321	-	2	4	0	4	12	24	ENST00000582621	CD226
160	ENSG00000151474	E016	31.7957557526998	0.0223210859196958	15.5744153985545	7.93206663218719e-05	0.0545679011790483	7.99059921591553	11.7189289676087	1.25835119635376	10	13712406	13712528	123	-	12	27	28	25	49	55	c("ENST00000358621", "ENST00000264546", "ENST00000378503", "ENST00000357447")	FRMD4A
161	ENSG00000151498	E014	12.613742920151	0.0151243413494397	20.1719076453641	7.07848730063168e-06	0.0123100512005049	4.49817269127563	8.01880129015148	1.76164864060528	11	134126543	134126804	262	+	6	8	4	11	19	30	ENST00000525961	ACAD8
162	ENSG00000151503	E064	98.6652106043838	0.00217054238356629	19.9628499308909	7.89614941849625e-06	0.0133095065013736	14.6898134013679	16.8518615745447	0.532903375905841	11	134094991	134095348	358	-	84	105	90	85	122	121	c("ENST00000532445", "ENST00000534227")	NCAPD3
163	ENSG00000151690	E026	20.4425325709129	0.00593210200946991	15.2841534344621	9.24891580843652e-05	0.0589145182444141	9.68591611278622	6.76209761445835	-1.13812236334203	2	191366840	191367041	202	+	25	35	20	13	16	19	c("ENST00000281416", "ENST00000392328")	MFSD6
164	ENSG00000152102	E007	17.0283625910957	0.00477577764746471	16.0731640649563	6.09415510946729e-05	0.0464672378815599	5.83893165674617	8.46219811808833	1.15005537158521	2	131840150	131840230	81	-	10	13	4	20	30	27	c("ENST00000389915", "ENST00000409185")	FAM168B
165	ENSG00000152234	E037	7.07616347869637	0.0337999620797633	13.8229956819735	0.00020086274025105	0.0894590388105105	3.38108263578023	6.57528627942197	1.9869472876843	18	43674666	43674945	280	-	4	4	5	8	7	15	ENST00000588390	ATP5A1
166	ENSG00000152904	E014	59.9147209708402	0.00268763905264776	14.4857385021262	0.000141224696890795	0.0770562524930416	12.119574370225	13.7899850067356	0.461235006509053	1	235493300	235493819	520	+	59	49	60	57	78	62	ENST00000476121	GGPS1
167	ENSG00000153015	E002	129.664247760419	0.00194518590399092	14.4663492622866	0.000142685914422552	0.0770562524930416	16.6321012330167	18.1559614971937	0.357775055415313	5	64064773	64065015	243	+	135	144	138	119	136	122	c("ENST00000508024", "ENST00000381070")	CWC27
168	ENSG00000153283	E019	7.66643879609454	0.0466335847065442	15.5305414558417	8.11829639125325e-05	0.0545679011790483	6.8451356039937	3.37994484196388	-2.11166764417164	3	111298082	111298306	225	+	8	11	16	5	3	4	ENST00000465428	CD96
169	ENSG00000153283	E024	15.5336605497268	0.0208376784563783	28.6227834220538	8.79413594313046e-08	0.000401459634250525	9.31183313975985	5.09383186786547	-1.86910223760535	3	111325640	111325925	286	+	23	24	22	7	12	9	ENST00000438817	CD96
170	ENSG00000153310	E001	217.512009889769	0.00710428618448033	20.7557827566902	5.21737915365759e-06	0.00985562922125918	19.2578055186398	22.0677808042003	0.615612970447556	8	130851839	130853715	1877	-	177	216	203	227	225	279	ENST00000519824	FAM49B
171	ENSG00000154217	E002	79.4470386678602	0.00263736335615652	14.3527236778041	0.000151560282926497	0.0798329217211197	15.2780114923788	13.827937015028	-0.37319886611002	17	65373924	65374270	347	+	53	94	80	58	99	108	c("ENST00000299954", "ENST00000335257", "ENST00000580974")	PITPNC1
172	ENSG00000154832	E055	17.9485492573684	0.0412312336378674	49.2792828021325	2.21994638894366e-12	8.10739220884817e-08	2.65793534885082	10.086225337178	4.04829907056963	18	47814072	47814674	603	-	1	3	2	18	37	49	ENST00000285106	CXXC1
173	ENSG00000155111	E001	870.162314954188	0.00700406194220948	24.2763672488091	8.34567570884498e-07	0.00240623400529598	29.6820962304093	30.4678085018593	0.157105695262459	6	110931181	110935470	4290	-	548	767	658	739	1124	1527	c("ENST00000368911", "ENST00000323817")	CDK19
174	ENSG00000155111	E016	111.661442033189	0.0395611520097821	25.9909811536785	3.43016044517188e-07	0.00113392028544928	19.869584850848	12.8046682452066	-1.72723419760524	6	111134362	111135327	966	-	118	123	226	46	71	105	c("ENST00000468997", "ENST00000497709")	CDK19
175	ENSG00000156171	E014	7.54650005810097	0.0085481945481403	18.0836879942487	2.11404794984164e-05	0.0229326060871831	3.33539542914678	6.61976588560615	2.04755808292922	1	111665238	111665265	28	-	5	2	4	7	15	13	ENST00000496430	DRAM2
176	ENSG00000156482	E001	6.83303085024006	0.0282895922889446	13.87159724208	0.000195734268636407	0.0882511849396791	3.27723641660323	6.34726771294842	1.97034741927765	8	99037079	99037966	888	-	3	4	4	6	11	14	ENST00000518164	RPL30
177	ENSG00000156508	E022	2589.99739327344	0.0883833696558033	14.9829442774516	0.000108487295678892	0.0643747719702753	40.7600350498727	30.9675328291045	-1.92289650184613	6	74229783	74230722	940	-	4761	6757	2848	546	770	981	ENST00000316292	EEF1A1
178	ENSG00000158477	E002	410.803062673281	0.00875458350813705	17.5106029775667	2.85709872040867e-05	0.0289842083338347	23.835450320864	25.8188312918597	0.411412694162667	1	158224874	158225140	267	+	233	431	311	280	634	665	ENST00000289429	CD1A
179	ENSG00000158604	E003	318.301089619828	0.00204697631940823	17.1839229805322	3.39295702842181e-05	0.0318638235634875	22.6273947920898	23.9199752358809	0.272612805951685	7	44619503	44620691	1189	-	281	354	327	277	339	378	c("ENST00000477639", "ENST00000481238")	TMED4
180	ENSG00000158805	E008	12.0425860056312	0.00980157720534106	18.2812773015893	1.90570989452048e-05	0.0219600733501624	4.40721942959622	7.79274166292775	1.73226525133348	16	89789277	89789544	268	+	6	4	7	10	17	30	ENST00000561536	ZNF276
181	ENSG00000160584	E025	12.4153776027186	0.0114654204204548	13.8623848310356	0.000196696133049622	0.0883214005294371	8.03865743852313	5.09689226561168	-1.39663531977134	11	116739508	116740856	1349	-	13	25	14	4	9	14	ENST00000413553	SIK3
182	ENSG00000160888	E003	121.195668393132	0.0219685745606047	24.2066654628616	8.65322844240215e-07	0.00243093593488837	19.4056209720728	14.5136550779401	-1.16711376122082	19	13262789	13263757	969	+	163	169	136	75	97	114	ENST00000588173	IER2
183	ENSG00000161013	E054	17.443757433074	0.00621529930993008	17.2224324619019	3.32487094122767e-05	0.0316764791358944	5.89872329591623	9.03112893550288	1.32783337980351	5	179230413	179230776	364	-	9	13	10	9	34	34	ENST00000521305	MGAT4B
184	ENSG00000161381	E001	7.8638680283139	0.0147168530633157	15.9063747456969	6.65541751032242e-05	0.0484982415912997	3.5897485427054	6.19159142714134	1.62714627867393	17	37219556	37223382	3827	-	5	2	3	4	15	20	ENST00000315392	PLXDC1
185	ENSG00000161526	E061	233.246684438429	0.00107968758895716	16.3109889417328	5.37513389304699e-05	0.0433022367345599	20.7092731131566	21.6372851127954	0.201463876397326	17	73702905	73704134	1230	+	162	231	297	171	281	292	c("ENST00000584667", "ENST00000582022", "ENST00000355423")	SAP30BP
186	ENSG00000162129	E011	22.7562664483459	0.00341478891149942	13.7677480974828	0.000206857140508988	0.089935246144626	9.47114288535424	7.22680867943988	-0.859261685584972	11	72006536	72006692	157	-	36	35	29	12	14	16	c("ENST00000535990", "ENST00000538021", "ENST00000543042", "ENST00000544382", "ENST00000535477", "ENST00000340729", "ENST00000437826", "ENST00000294053", "ENST00000538039")	CLPB
187	ENSG00000162367	E017	60.7584122883622	0.00269964700299075	17.5711161952268	2.76760259596748e-05	0.0283386986560176	11.5246853856413	13.7649293284899	0.628849660179113	1	47697329	47697387	59	-	45	36	33	63	83	111	ENST00000371884	TAL1
188	ENSG00000163161	E004	21.1263678470768	0.00369279611478447	14.0881503629165	0.000174439271158712	0.0843118882172708	6.86624667718385	9.44185949636799	1.00760495957732	2	128017025	128018803	1779	-	17	16	12	26	30	27	ENST00000491292	ERCC3
189	ENSG00000164211	E010	37.561187317987	0.00328824628800892	13.4633885413752	0.000243264009798364	0.0978944142172102	9.44021745357811	11.7925670652399	0.74585406107618	5	110836329	110836685	357	-	32	35	23	39	49	52	c("ENST00000509887", "ENST00000511436", "ENST00000502322", "ENST00000510346", "ENST00000511569")	STARD4
190	ENSG00000164919	E013	619.55451274284	0.00207205775090318	15.0816493976171	0.000102959323921797	0.0636091178627866	27.3994926815401	28.3279793198325	0.187962065370622	8	100904136	100904275	140	-	548	580	999	504	614	525	c("ENST00000517682", "ENST00000522940", "ENST00000520517", "ENST00000522934", "ENST00000518171", "ENST00000297564", "ENST00000523016", "ENST00000524245", "ENST00000520271", "ENST00000520468")	COX6C
191	ENSG00000164975	E018	303.669518028275	0.0203556681918908	14.3300989283709	0.000153392608634455	0.0800285761295628	24.9855091057057	20.6501759373567	-0.920727778648496	9	15460312	15461628	1317	+	276	457	453	144	265	300	ENST00000380821	SNAPC3
192	ENSG00000164975	E020	217.857397537922	0.00344682667080557	14.3037094141191	0.000155558039386289	0.0804892066149358	20.0736420145192	21.2151801250518	0.249990520500409	9	15461804	15462458	655	+	193	198	184	196	260	306	c("ENST00000490969", "ENST00000380821")	SNAPC3
193	ENSG00000165609	E028	13.4151079987103	0.00638294525757429	19.3205989702502	1.1050772025021e-05	0.0156300800233947	5.11911888488784	8.23618570682201	1.46041673806582	10	12237869	12238123	255	-	9	9	10	16	23	14	c("ENST00000491614", "ENST00000537776")	NUDT5
194	ENSG00000166004	E045	8.69050323795022	0.104792080672646	16.0434869646275	6.19041931905098e-05	0.0467748083747492	7.45471853124922	2.7404275273844	-2.98986163206925	11	93463397	93463522	126	+	12	14	21	2	4	1	c("ENST00000344196", "ENST00000411936", "ENST00000325212", "ENST00000531700")	KIAA1731
195	ENSG00000166164	E009	37.0358211954687	0.00443868713191384	14.9792571603792	0.000108699483529882	0.0643747719702753	11.6323680180742	9.23230724119393	-0.771026855061207	16	50353841	50353941	101	-	52	43	57	23	28	25	c("ENST00000394688", "ENST00000394689", "ENST00000569774")	BRD7
196	ENSG00000166887	E040	15.1424709273817	0.00457127930399046	19.4057715181888	1.05687182114254e-05	0.0154390653957359	5.28043721623609	8.23886119689696	1.36834565506733	15	42470769	42471301	533	-	8	9	6	18	26	25	ENST00000568029	VPS39
197	ENSG00000167460	E014	72.7828954682153	0.00281356516129499	17.1784753696779	3.40270107968825e-05	0.0318638235634875	11.8189107298425	14.4977376278168	0.733649604617672	19	16190866	16191252	387	+	38	37	30	78	124	137	ENST00000590180	TPM4
198	ENSG00000167522	E020	229.244072816881	0.00245951958263964	18.9531349620322	1.33968967392335e-05	0.017899887811511	21.7190529758911	20.445315796431	-0.276940751161376	16	89365284	89367052	1769	-	279	294	218	151	243	240	ENST00000567736	ANKRD11
199	ENSG00000167858	E001	6.91757168891621	0.0496667293218609	15.5580585278171	8.00098808778823e-05	0.0545679011790483	3.44475102275305	3.63011303695933	0.154037946226047	17	6692452	6692649	198	-	2	1	0	4	22	14	ENST00000571744	TEKT1
200	ENSG00000168397	E001	15.5693328505895	0.00907884028588939	51.1774043349466	8.4384379317486e-13	4.6226606833912e-08	3.47066345926871	9.38164812214866	3.0301831187716	2	242576628	242577026	399	+	4	3	4	27	30	24	ENST00000405546	ATG4B
201	ENSG00000168421	E001	19.5380245534678	0.0206919829952283	19.4330534954117	1.04188188584554e-05	0.0154257652941904	9.91970257630051	5.91365438505736	-1.62620613663929	4	40192673	40192958	286	+	27	35	25	12	10	13	ENST00000505618	RHOH
202	ENSG00000168439	E034	36.8980890008277	0.0182550876668616	16.5271105954837	4.79594216292729e-05	0.0404194627118953	8.77830160465479	12.4711592942418	1.17627751842861	11	63971095	63971525	431	+	29	36	27	42	36	55	ENST00000540887	STIP1
203	ENSG00000168675	E043	824.224760518111	0.00175720648938375	29.8069722582021	4.77272470589356e-08	0.000261454632113555	30.3905988807356	29.5952857239231	-0.159088425146816	18	13645777	13646733	957	+	568	979	795	461	1127	1214	c("ENST00000361205", "ENST00000361303", "ENST00000585931", "ENST00000435606", "ENST00000359446", "ENST00000399848")	LDLRAD4
204	ENSG00000168906	E020	201.711392570341	0.00107411284339325	18.1068984730003	2.0884343228478e-05	0.022881304127985	20.7995418528757	19.2069151892259	-0.352823560497082	2	85770158	85770341	184	+	264	313	232	139	163	142	c("ENST00000481412", "ENST00000409017")	MAT2A
205	ENSG00000168906	E021	453.312961590266	0.00160963005013029	44.963848627653	2.00705758877675e-11	5.49743108853895e-07	26.5683494479812	24.2435705929575	-0.479664141673377	2	85770342	85770731	390	+	635	718	525	302	344	295	ENST00000409017	MAT2A
206	ENSG00000170291	E032	78.2968691817453	0.0108614908361584	14.6327904503619	0.000130621919019669	0.0733907625211946	12.9964461738441	15.9580930457349	0.766005657329422	17	7162399	7162889	491	+	66	89	74	72	84	96	c("ENST00000574993", "ENST00000356683")	ELP5
207	ENSG00000171045	E010	10.7651361066858	0.0143027609163607	17.7030230260011	2.58215913343412e-05	0.0266892942431424	7.3387074175366	3.99593614065663	-1.83459418873726	8	143381477	143381846	370	-	21	12	20	6	4	3	ENST00000518928	TSNARE1
208	ENSG00000172354	E021	7.17114009256974	0.0158912476405438	13.4751269744821	0.000241746830425033	0.0978944142172102	3.33427758335422	6.27398144319288	1.88427659806535	7	100274993	100275038	46	+	2	3	6	13	10	8	c("ENST00000431068", "ENST00000303210", "ENST00000470354", "ENST00000451587", "ENST00000469287", "ENST00000480159", "ENST00000393924", "ENST00000436220", "ENST00000412215", "ENST00000424361", "ENST00000419828", "ENST00000393926")	GNB2
209	ENSG00000172366	E006	37.6430206729408	0.0213537457290531	17.8992631006072	2.32911274624367e-05	0.0247749757964999	8.8308148505241	12.6923948410602	1.21929977533869	16	696747	697416	670	+	30	38	29	36	49	49	ENST00000575894	FAM195A
210	ENSG00000172890	E019	4.57543526802032	0.0121179379331137	15.0428241945544	0.000105099077288195	0.0636796426183068	1.91904544912596	5.07584067555755	2.85377330668756	11	71175099	71175188	90	+	2	0	1	8	7	9	c("ENST00000529120", "ENST00000533769", "ENST00000528509", "ENST00000525200", "ENST00000524949", "ENST00000319023")	NADSYN1
211	ENSG00000173914	E016	24.0955135664572	0.00457788007824199	18.262906815202	1.92417721620232e-05	0.0219600733501624	6.72713097288686	9.75621247871062	1.1778053015733	11	66444563	66445219	657	-	11	9	15	31	34	45	ENST00000525754	RBM4B
212	ENSG00000174013	E004	126.628959751489	0.0011688647107645	17.2683451925366	3.24548769970768e-05	0.0311914143294187	16.2216346962465	18.1052899279232	0.445098323596001	3	196304324	196304680	357	+	112	119	88	122	160	176	c("ENST00000440469", "ENST00000311630")	FBXO45
213	ENSG00000175137	E018	53.5970727586898	0.00659805660634227	51.2743648174876	8.03176540078526e-13	4.6226606833912e-08	8.74993816886902	13.9977111977132	1.60247303965498	1	249120034	249120832	799	-	21	18	23	64	108	90	ENST00000366472	SH3BP5L
214	ENSG00000175309	E015	20.144065370877	0.00708547112248952	13.4060691974115	0.000250811452763561	0.099203625948308	6.45573904547084	9.32983894301358	1.15824299360033	5	177642432	177643992	1561	-	6	17	12	8	32	52	ENST00000481811	PHYKPL
215	ENSG00000175449	E005	7.70204934729718	0.0131132099987997	14.7282672936302	0.000124170602401278	0.0704890131621183	3.75548866699786	6.64980696852809	1.71280369349684	5	94982583	94983748	1166	+	4	7	6	12	9	8	c("ENST00000311364", "ENST00000458310")	RFESD
216	ENSG00000175792	E003	84.3264923062164	0.00601954416119066	29.085933332724	6.92378841889504e-08	0.000329819176848252	13.1252852253672	16.6073342882572	0.887933271778816	3	127783628	127784063	436	-	82	80	75	89	84	104	c("ENST00000472125", "ENST00000585057", "ENST00000464873")	RUVBL1
217	ENSG00000176148	E001	4.14189257249452	0.0157045478232496	22.280606763791	2.35573761085069e-06	0.00516198648240046	1.46062776780196	5.31947510180306	3.78537613071815	11	33060963	33061117	155	+	1	1	0	6	6	11	c("ENST00000532687", "ENST00000334274", "ENST00000530419")	TCP11L1
218	ENSG00000176715	E048	54.835256988192	0.0150946147676206	23.6689321580441	1.14414756548249e-06	0.00291523478068356	9.6873062567608	14.0640780273387	1.29002335168649	16	89220998	89222171	1174	+	12	33	36	35	79	146	c("ENST00000537116", "ENST00000317447")	ACSF3
219	ENSG00000177425	E014	29.6256738713724	0.00474005597621561	23.7139886983105	1.11767190932651e-06	0.00291523478068356	7.9379163261821	11.0901215077234	1.09038111958318	12	79997448	79998501	1054	-	43	10	14	42	33	35	ENST00000551712	PAWR
220	ENSG00000178035	E035	22.7195225002954	0.0208924620859819	26.7097248945921	2.36428592176753e-07	0.00089438974995407	6.22063734982633	10.9384872163315	1.79860863705575	3	49065966	49066190	225	-	13	18	16	31	22	37	ENST00000485500	IMPDH2
221	ENSG00000178057	E006	89.8628539462104	0.00314494536269172	15.9371763595316	6.54798813795717e-05	0.0484918054580602	14.1562714342786	16.2857360583238	0.534883056148386	3	49059218	49059545	328	+	72	93	126	71	102	86	ENST00000326925	NDUFAF3
222	ENSG00000178950	E015	16.4435626992995	0.00457999578291548	17.4165349741929	3.00203085149403e-05	0.0299007731046717	8.72685535398395	5.74153928789021	-1.29941819449251	4	845763	847616	1854	-	25	26	23	7	8	14	ENST00000511345	GAK
223	ENSG00000180769	E001	14.3654670968399	0.0373953262083841	13.4841476620167	0.000240587399238297	0.0978944142172102	5.36098159172	7.40746371255053	0.988445353041691	4	85887538	85887945	408	+	10	7	2	15	27	27	ENST00000451762	WDFY3-AS2
224	ENSG00000181350	E001	2294.5922716529	0.0247375752142263	22.591643352445	2.00354183397648e-06	0.00457316771696106	39.359839198263	35.0876831114051	-0.835727077119021	17	16344891	16345327	437	-	2337	3006	3752	1479	2081	1474	ENST00000409887	FAM211A
225	ENSG00000181350	E002	73.9501176146935	0.0188591771159563	24.5841044001511	7.11361129868531e-07	0.00210643643542313	12.9911409745508	15.0966511691154	0.553594181164456	17	16345328	16346574	1247	-	48	75	63	65	99	105	c("ENST00000409887", "ENST00000409083")	FAM211A
226	ENSG00000181350	E003	53.7582700800799	0.0214628976248896	26.4751217322418	2.669540619743e-07	0.000943484546388009	11.003721174816	13.6010977584022	0.74295637092528	17	16346575	16347445	871	-	31	55	39	53	74	78	c("ENST00000409887", "ENST00000470794", "ENST00000409083")	FAM211A
227	ENSG00000181938	E015	13.7858086481975	0.00485882783141013	15.5361362188149	8.09430597186191e-05	0.0545679011790483	8.07254796142051	5.23303588164645	-1.33086618308134	16	58426298	58426478	181	+	17	22	23	6	8	10	c("ENST00000328514", "ENST00000564814", "ENST00000426538", "ENST00000318129")	GINS3
228	ENSG00000182287	E003	34.1820246549239	0.00423121580153184	20.6052061490931	5.64424165856006e-06	0.0104812610948332	11.8353902695165	8.84633963170172	-0.968662958742823	X	15848182	15849228	1047	-	36	34	48	20	32	41	ENST00000380291	AP1S2
229	ENSG00000182473	E038	97.796915460152	0.00262606029800826	18.2697117893068	1.91731550072358e-05	0.0219600733501624	16.8924846285028	14.6143440143195	-0.561911011583838	17	74088396	74090494	2099	-	103	122	112	63	85	122	ENST00000405068	EXOC7
230	ENSG00000183207	E003	26.9371702351186	0.0264576825486193	19.2830717961147	1.12701148377009e-05	0.0156300800233947	7.18682997206792	11.4374200214384	1.50638873795121	19	49496873	49497145	273	+	25	16	24	30	28	40	c("ENST00000601968", "ENST00000596837", "ENST00000595090")	RUVBL2
231	ENSG00000184432	E007	14.1653234286792	0.00542711423001336	16.8951816669721	3.95017277491572e-05	0.0352896403928956	8.12982126922706	5.05842611257337	-1.45497361046767	3	139077042	139077113	72	-	20	25	22	9	4	8	c("ENST00000333188", "ENST00000502734", "ENST00000503326", "ENST00000507777")	COPB2
232	ENSG00000184436	E010	53.9222875720367	0.00498631054106525	22.8487585580663	1.75262495620348e-06	0.00421915427239994	11.0950667027177	13.8213157455966	0.773564576971673	22	21355077	21355544	468	-	39	52	63	51	58	66	c("ENST00000466670", "ENST00000476667", "ENST00000471073")	THAP7
233	ENSG00000184983	E001	251.907120602875	0.00219349682762485	18.6139602805666	1.60044263946653e-05	0.01970198836688	21.0247870560876	22.2914348224317	0.272962037367869	22	42481529	42482119	591	-	209	270	292	248	266	251	c("ENST00000498737", "ENST00000602404")	NDUFA6
234	ENSG00000185627	E020	51.7746221368468	0.00773170787727387	13.7694908826047	0.000206665321787254	0.089935246144626	10.8932533265357	13.5773037839719	0.770721035361943	11	247449	248197	749	+	52	42	47	50	57	68	ENST00000527047	PSMD13
235	ENSG00000185650	E013	98.9994433328052	0.00229315311687026	37.1033920578241	1.12028672338184e-09	1.36378726652401e-05	17.2895116863216	14.3035624474616	-0.736086955904319	14	69261464	69262759	1296	-	105	117	121	74	94	99	ENST00000408913	ZFP36L1
236	ENSG00000185813	E001	342.345182461751	0.00505732336509488	13.6261557343554	0.000223056132780716	0.0943570502691922	23.0387798063966	24.4156059229657	0.288863018146056	17	79858841	79862201	3361	-	416	288	270	365	378	366	ENST00000538936	PCYT2
237	ENSG00000186063	E016	19.0195227536092	0.0162829490731099	16.7307436150035	4.30772540935517e-05	0.0380615331693364	5.88290701600951	9.2860483590951	1.42608838854072	1	222884888	222885549	662	-	13	7	10	15	32	40	ENST00000474863	AIDA
238	ENSG00000186350	E012	10.151472984097	0.0076090372629869	18.7099943802282	1.52182746730264e-05	0.019441215487059	7.37281359732022	4.51761248472801	-1.48548502111362	9	137309004	137309173	170	+	5	20	18	3	10	8	c("ENST00000540193", "ENST00000481739", "ENST00000356384")	RXRA
239	ENSG00000186350	E019	219.743043730006	0.0107813368485185	21.9644492266091	2.7774788242519e-06	0.00585204105659013	19.0174357331261	21.6954206773954	0.58978975029318	9	137328866	137332431	3566	+	76	212	155	104	409	422	ENST00000356384	RXRA
240	ENSG00000186951	E026	21.0103150628355	0.0037458335059465	20.486363172008	6.00576166473363e-06	0.0109667209918591	9.70606513344596	6.89584074475312	-1.08455154899033	22	46615912	46616554	643	+	29	34	19	15	17	17	ENST00000493286	PPARA
241	ENSG00000188312	E011	227.860011451218	0.0191699105694734	15.923722999242	6.59469434042001e-05	0.0484918054580602	19.2381822954466	22.6312546550599	0.740254832203393	9	95377447	95382815	5369	+	198	220	171	210	255	347	ENST00000375587	CENPP
242	ENSG00000188732	E013	16.5379673519111	0.0080147608375743	26.0480329911806	3.33027966634036e-07	0.00113392028544928	5.49807760499277	8.97311890748882	1.51971912319417	7	23731873	23734532	2660	+	10	10	9	17	26	29	ENST00000462546	FAM221A
243	ENSG00000189007	E001	229.169192733207	0.000895876351115351	25.9416973727694	3.51885596331535e-07	0.00113392028544928	21.6864225431026	20.1021095303129	-0.345552147667469	6	143743969	143748125	4157	-	304	319	273	148	195	183	ENST00000606514	ADAT2
244	ENSG00000189007	E007	63.9233989093189	0.00398025691524545	13.6090039921299	0.000225103284325637	0.0948567924510978	12.2060832713918	14.5038171792302	0.623025971423327	6	143762575	143763114	540	-	71	67	45	60	72	78	ENST00000606514	ADAT2
245	ENSG00000196405	E051	381.450860625242	0.00121584892248688	33.5779693649037	6.84637828785291e-09	5.7700222921057e-05	22.6379650070697	24.8937785064915	0.473174853593713	14	100606630	100607516	887	+	172	217	266	282	616	801	ENST00000555848	EVL
246	ENSG00000196591	E002	177.56956050046	0.00253664361986454	21.4484416659754	3.6347129639551e-06	0.00737456336586757	18.1792633797701	20.5006327108592	0.521130534156654	6	114257320	114261881	4562	-	136	158	174	135	224	267	c("ENST00000398283", "ENST00000519065")	HDAC2
247	ENSG00000196839	E013	23.7042688961601	0.00560147390537801	19.3725358136834	1.0754259196537e-05	0.0155033966590919	7.00016840530795	10.2503445713609	1.21826345744025	20	43254964	43255096	133	-	12	20	17	24	35	37	ENST00000545776	ADA
248	ENSG00000197150	E062	158.872282681605	0.00283653083611659	22.8282494248726	1.77142710547815e-06	0.00421915427239994	17.6403977424429	19.6743299476492	0.463217696660996	7	150742651	150744869	2219	+	161	149	140	146	166	212	ENST00000358849	ABCB8
249	ENSG00000197498	E014	239.865367494772	0.00263342477408453	16.3979768293043	5.13399991681423e-05	0.0419769626034329	20.6345383557003	21.9952483781959	0.294772204194548	6	111347304	111349466	2163	+	271	309	238	244	212	194	ENST00000607388	RPF2
250	ENSG00000197603	E073	6.29422693241533	0.00926823496737765	13.3905020917028	0.000252901681630122	0.0996705541106454	6.14826484834092	3.28258474134109	-1.86837058190084	5	37227345	37227494	150	-	10	14	5	3	5	3	c("ENST00000425232", "ENST00000508244", "ENST00000274258")	C5orf42
251	ENSG00000197694	E030	14.2830637868087	0.00499280838943755	29.5669721999099	5.40175756372608e-08	0.000272332117592168	8.93781607855361	4.83592112488924	-1.89188248460928	9	131355322	131356453	1132	+	19	25	22	4	10	10	ENST00000475367	SPTAN1
252	ENSG00000197965	E016	21.1080563990522	0.00590957892937571	26.9395591832939	2.09918046684212e-07	0.000851816334474654	6.11207192690195	9.86448621845561	1.50752009900718	1	167742606	167743146	541	+	16	11	8	29	34	29	ENST00000465787	MPZL1
253	ENSG00000197969	E083	98.0055166271444	0.00267967697317097	26.64170752524	2.4489962303191e-07	0.00089438974995407	17.1259372512588	14.2446963497982	-0.712816513994575	9	79997195	79997922	728	+	154	138	92	46	86	99	ENST00000376634	VPS13A
254	ENSG00000198369	E001	614.121614434545	0.00268033718356417	14.2553740194464	0.000159604425478416	0.08151861773257	28.4059300529554	27.3667259413007	-0.210346725139519	2	65537985	65540126	2142	-	441	1125	654	308	753	588	ENST00000356388	SPRED2
255	ENSG00000198393	E005	29.7299998320952	0.0049959685975398	13.4514191754545	0.000244820918708271	0.0978944142172102	8.30884593200441	10.5089730437927	0.764505548531036	12	133563054	133563459	406	+	28	18	16	44	32	40	c("ENST00000540238", "ENST00000545101", "ENST00000328654", "ENST00000544181", "ENST00000537956")	ZNF26
256	ENSG00000198464	E004	23.9550630420215	0.0087899668441613	14.1469234372911	0.000169073367168556	0.0834415146564026	10.2259969792947	7.34990864019484	-1.05906277607042	19	52817406	52817532	127	+	41	21	24	22	23	15	c("ENST00000334564", "ENST00000468240", "ENST00000595962", "ENST00000598016")	ZNF480
257	ENSG00000198668	E022	102.295487605418	0.00306245797193319	17.848340122806	2.39227852278391e-05	0.0252021941839664	16.8068672266513	15.1388260370878	-0.408259474142907	14	90870206	90870312	107	+	109	106	104	96	97	114	c("ENST00000447653", "ENST00000356978", "ENST00000554296", "ENST00000553995", "ENST00000553964", "ENST00000557020", "ENST00000555267", "ENST00000553542", "ENST00000544280", "ENST00000553422")	CALM1
258	ENSG00000198771	E011	16.1709809772033	0.00940253239197253	14.0578207137513	0.00017727509445644	0.0851869030650721	5.74444933016098	8.50002164403014	1.21367479411193	1	167610628	167610978	351	+	14	7	8	15	24	31	c("ENST00000475127", "ENST00000461790")	RCSD1
259	ENSG00000204592	E006	5.71286206495777	0.0130464028785299	15.9321983557071	6.56523143265706e-05	0.0484918054580602	2.2975859220274	5.52471999918318	2.58553956576949	6	30457773	30458016	244	+	0	4	0	7	11	13	ENST00000484194	HLA-E
260	ENSG00000205464	E013	47.5186424112021	0.00377755855462329	35.3955620143026	2.69099343737794e-09	2.68027839078184e-05	13.222231678884	9.64726245512279	-1.07866055521747	5	81613817	81614147	331	+	40	87	89	20	27	34	c("ENST00000514672", "ENST00000380167", "ENST00000439350")	ATP6AP1L
261	ENSG00000213585	E010	6.79201840960178	0.0184689288134386	13.7191019019231	0.000212284356081414	0.091209014199968	3.38074320522471	6.27717886470365	1.84523109475382	5	133324479	133324934	456	-	5	3	5	12	5	10	ENST00000466080	VDAC1
262	ENSG00000213918	E046	82.0480696668863	0.00378203487461857	24.045434992971	9.40890643955941e-07	0.00257714651832752	16.1771331329842	13.3611623562502	-0.719898117578317	16	3712806	3713487	682	+	82	99	73	67	87	99	ENST00000575152	DNASE1
263	ENSG00000224660	E008	33.3091907926278	0.0487565049623398	15.1412908840551	9.97574107467537e-05	0.0624549796356333	12.3646151897163	8.12837005824768	-1.39116042784721	3	15300564	15302089	1526	+	35	35	14	28	31	64	ENST00000420195	SH3BP5-AS1
264	ENSG00000229124	E001	55.8210825583367	0.0317250296759565	15.0746354409616	0.00010334260947752	0.0636091178627866	14.0484263348979	11.125934282059	-0.824030526577952	10	17256238	17257194	957	-	67	56	81	48	46	42	ENST00000437232	VIM-AS1
265	ENSG00000229124	E006	1600.32862527127	0.02721295412338	15.3942721739342	8.72523732545566e-05	0.0565653521805665	33.1563730507726	35.8407710978251	0.528276072659438	10	17271344	17271984	641	-	1235	1238	1130	1423	2422	2375	ENST00000605833	VIM-AS1
266	ENSG00000231607	E001	38.5303255421983	0.00867792714672655	14.8008235006879	0.000119483314064595	0.0692636553203449	9.33578824004402	12.254436860757	0.915815718714637	13	50601269	50601542	274	-	33	34	36	46	42	42	ENST00000425586	DLEU2
267	ENSG00000232104	E001	9.78756270077644	0.0383294830355097	15.4102837518958	8.65161816122201e-05	0.0564219398202266	7.51377823253219	4.11459828209489	-1.82162401242199	9	3526723	3526777	55	+	14	18	11	7	6	5	ENST00000423112	RP11-509J21.1
268	ENSG00000232104	E006	34.2843053595417	0.00502478578841484	15.7459659130857	7.24422551549991e-05	0.0515384309044936	9.01513320281848	10.7977500991959	0.594391111481484	9	3668086	3668408	323	+	29	22	13	43	44	57	ENST00000457566	RP11-509J21.1
269	ENSG00000233184	E014	62.5338245035938	0.00591513805122832	15.8218236218606	6.95951523958766e-05	0.0501643689920858	14.2326538828718	12.1712375890093	-0.562766856063876	1	101552408	101552727	320	+	49	81	97	36	63	61	c("ENST00000446527", "ENST00000451213", "ENST00000449473")	RP11-421L21.3
270	ENSG00000234492	E012	13.1162431471543	0.009811611949979	18.5788486463756	1.63019318418347e-05	0.0198452472939454	8.13030061379379	5.35068577223822	-1.28660275995074	4	109541464	109541551	88	-	17	23	13	5	12	13	c("ENST00000506795", "ENST00000509984", "ENST00000507248", "ENST00000510212")	RPL34-AS1
271	ENSG00000235162	E005	45.0349932645121	0.00468498410910937	38.0727457283904	6.81555249390506e-10	9.33406952921533e-06	13.5236441242193	9.44776894063099	-1.22843291506242	12	105724488	105724630	143	+	63	64	59	21	42	32	c("ENST00000552457", "ENST00000549893", "ENST00000443585")	C12orf75
272	ENSG00000248278	E001	28.9317900890916	0.00618367024857438	15.5446971562942	8.05773455107053e-05	0.0545679011790483	10.5687382765766	8.51960018978869	-0.703747980074149	17	46952222	46952275	54	-	29	40	40	15	31	25	ENST00000508743	SUMO2P17
273	ENSG00000250565	E006	43.9705271250224	0.0038278474636127	19.1133570347011	1.23179787924769e-05	0.0168697799057669	11.8615827288609	9.41517110900866	-0.774717291313332	2	46761439	46762951	1513	-	66	86	67	15	27	16	ENST00000505245	ATP6V1E2
274	ENSG00000256092	E001	8.38568894726266	0.0167758736667898	13.8436739748504	0.000198664409390015	0.088841102128934	4.20484376991388	6.573450872695	1.34358233452311	12	123848415	123849499	1085	+	5	8	6	10	10	12	ENST00000602918	hsa-mir-8072
275	ENSG00000257167	E004	279.469894248358	0.00462080015156816	17.4293213454397	2.98190487990248e-05	0.0299007731046717	21.6803072217528	23.1128906379985	0.305528154227018	12	98909255	98909675	421	-	309	286	315	206	294	311	c("ENST00000546421", "ENST00000548760")	TMPO-AS1
276	ENSG00000268240	E001	20.2033475177942	0.123687100344941	14.6049333193634	0.000132567047025445	0.0740629426098788	6.05593114118289	4.17002951108234	-1.11770605996278	19	21770234	21770413	180	-	13	45	64	3	1	0	ENST00000594927	RP11-678G14.4
277	ENSG00000269893	E004	65.3321968822061	0.00524501120439106	14.9823010949648	0.000108524279789443	0.0643747719702753	12.0965943039061	14.4365320335852	0.637144922350388	4	119199948	119200098	151	+	55	90	113	47	57	39	ENST00000602414	SNHG8
278	ENSG00000272168	E019	509.529626383394	0.00118781672221436	14.365774430833	0.000150513372927648	0.0796653120333358	24.8845618467951	26.2402426806095	0.27927160294101	6	22146883	22147436	554	+	199	284	327	526	802	969	ENST00000606197	CASC15
